0.000000 0.170050 1.342403 0.152049 1.298660
10.000000 0.172726 1.068487 0.262564 1.157626
20.000000 0.348547 3.000730 0.270745 2.889049
30.000000 0.225690 2.349306 0.285103 3.176997
40.000000 0.364767 1.808845 0.310695 4.446045
50.000000 0.384538 2.873419 0.395023 1.517034
60.000000 0.593157 2.665566 0.434564 3.890320
70.000000 0.815839 3.533839 0.603794 3.437533
80.000000 0.946681 6.675407 0.492019 2.740955
90.000000 1.179289 9.441557 0.760376 1.769318
100.000000 4.107610 30.432932 1.050099 1.970287
