1446051116180.000000 1.162292 3.224626 0.684068
1446051116230.000000 1.161810 3.222020 0.684405
1446051116270.000000 1.162429 3.219628 0.683658
1446051116320.000000 1.160786 3.216850 0.683990
1446051116370.000000 1.160184 3.211866 0.684344
1446051116410.000000 1.159131 3.208753 0.684606
1446051116460.000000 1.154365 3.205062 0.686336
1446051116510.000000 1.131562 3.206848 0.691948
1446051116560.000000 1.119754 3.204636 0.682827
1446051116610.000000 1.144116 3.205648 0.678923
1446051116660.000000 1.152961 3.205061 0.677863
1446051116710.000000 1.150967 3.205583 0.678538
1446051116760.000000 1.151699 3.206202 0.678548
1446051116810.000000 1.166839 3.205583 0.678373
1446051116860.000000 1.210334 3.187984 0.676199
1446051116910.000000 1.171331 3.207475 0.681283
1446051116960.000000 1.173519 3.200828 0.678662
1446051117010.000000 1.179577 3.205537 0.676446
1446051117060.000000 1.186919 3.198923 0.675825
1446051117110.000000 1.175628 3.207010 0.678372
1446051117160.000000 1.174002 3.204699 0.676252
1446051117210.000000 1.171547 3.207057 0.675549
1446051117260.000000 1.169869 3.208823 0.674925
1446051117310.000000 1.168301 3.206936 0.673880
1446051117360.000000 1.170981 3.207429 0.676557
1446051117410.000000 1.171583 3.205993 0.677863
1446051117460.000000 1.172089 3.204849 0.679862
1446051117510.000000 1.177095 3.204571 0.678878
1446051117560.000000 1.178157 3.202293 0.678733
1446051117610.000000 1.181558 3.206100 0.679367
1446051117660.000000 1.182549 3.206599 0.678248
1446051117710.000000 1.182615 3.209319 0.679457
1446051117760.000000 1.183160 3.211484 0.682970
1446051117810.000000 1.181234 3.220322 0.679757
1446051117860.000000 1.180982 3.223774 0.680223
1446051117910.000000 1.182804 3.217345 0.679596
1446051117960.000000 1.183511 3.212706 0.677681
1446051118010.000000 1.184232 3.215581 0.677648
1446051118060.000000 1.184073 3.213159 0.677055
1446051118110.000000 1.184512 3.213756 0.677060
1446051118160.000000 1.185101 3.213481 0.676625
1446051118210.000000 1.185110 3.214760 0.676708
1446051118260.000000 1.185417 3.215156 0.676851
1446051118310.000000 1.186081 3.215184 0.676956
1446051118360.000000 1.187214 3.219575 0.676901
1446051118410.000000 1.186777 3.218322 0.676878
1446051118460.000000 1.187271 3.217657 0.676697
1446051118510.000000 1.188184 3.218956 0.676634
1446051118560.000000 1.187639 3.220906 0.676888
1446051118610.000000 1.188840 3.222828 0.675718
1446051118660.000000 1.188715 3.221450 0.676174
1446051118710.000000 1.188167 3.220707 0.675463
1446051118760.000000 1.189035 3.224278 0.675392
1446051118810.000000 1.189480 3.220345 0.674595
1446051118860.000000 1.190069 3.222082 0.674420
1446051118910.000000 1.190012 3.223365 0.675081
1446051118960.000000 1.185470 3.227311 0.670220
1446051119010.000000 1.184817 3.226723 0.669819
1446051119060.000000 1.185365 3.229893 0.670827
1446051119110.000000 1.184527 3.228356 0.671221
1446051119160.000000 1.184820 3.228011 0.671445
1446051119210.000000 1.184457 3.227298 0.671759
1446051119270.000000 1.186415 3.230392 0.673685
1446051119310.000000 1.188407 3.229801 0.671875
1446051119360.000000 1.191033 3.221499 0.671458
1446051119410.000000 1.193021 3.223107 0.674190
1446051119460.000000 1.195212 3.222992 0.673176
1446051119510.000000 1.196472 3.223038 0.672305
1446051119560.000000 1.195962 3.222183 0.672306
1446051119610.000000 1.196112 3.222582 0.672471
1446051119660.000000 1.196313 3.222450 0.674617
1446051119710.000000 1.199586 3.218066 0.671973
1446051119760.000000 1.197323 3.212025 0.673643
1446051119810.000000 1.198970 3.213284 0.670352
1446051119860.000000 1.196533 3.211516 0.669297
1446051119910.000000 1.195903 3.214425 0.671005
1446051119960.000000 1.195708 3.215395 0.670050
1446051120010.000000 1.196054 3.214091 0.667467
1446051120060.000000 1.196457 3.211017 0.668599
1446051120110.000000 1.188686 3.221964 0.674163
1446051120160.000000 1.190260 3.221813 0.672066
1446051120210.000000 1.184865 3.233340 0.676613
1446051120260.000000 1.185681 3.239512 0.681632
1446051120310.000000 1.177258 3.276775 0.697287
1446051120360.000000 1.206056 3.294131 0.714601
1446051120420.000000 1.208660 3.302228 0.719523
1446051120470.000000 1.211808 3.321181 0.711049
1446051120520.000000 1.218814 3.333553 0.722864
1446051120570.000000 1.224370 3.366069 0.713295
1446051120620.000000 1.214675 3.380623 0.708778
1446051120680.000000 1.216356 3.385065 0.708686
1446051120730.000000 1.214431 3.396303 0.715512
1446051120770.000000 1.212481 3.396726 0.709844
1446051120810.000000 1.204790 3.412798 0.692652
1446051120870.000000 1.205751 3.417788 0.704004
1446051120920.000000 1.234397 3.381680 0.745532
1446051120960.000000 1.148045 3.447991 0.718809
1446051121020.000000 1.144316 3.433917 0.656063
1446051121060.000000 1.142792 3.432808 0.650159
1446051121120.000000 1.183203 3.432506 0.664067
1446051121170.000000 1.198479 3.435839 0.689860
1446051121220.000000 1.169881 3.453510 0.705174
1446051121270.000000 1.154832 3.464775 0.700437
1446051121320.000000 1.155901 3.465766 0.720368
1446051121370.000000 1.132604 3.469689 0.720884
1446051121420.000000 1.135860 3.476425 0.726339
1446051121470.000000 1.134262 3.467545 0.734661
1446051121520.000000 1.127488 3.468984 0.743201
1446051121570.000000 1.132630 3.471100 0.734545
1446051121620.000000 1.136169 3.491945 0.733426
1446051121670.000000 1.136915 3.506648 0.731059
1446051121720.000000 1.134166 3.525069 0.728372
1446051121770.000000 1.131619 3.547570 0.727926
1446051121810.000000 1.141789 3.569906 0.726547
1446051121870.000000 1.131986 3.581255 0.718209
1446051121920.000000 1.114208 3.578546 0.707447
1446051121970.000000 1.099211 3.554923 0.696421
1446051122020.000000 1.090849 3.539505 0.696163
1446051122070.000000 1.098101 3.544921 0.682695
1446051122120.000000 1.101738 3.548089 0.674801
1446051122170.000000 1.113231 3.559543 0.669935
1446051122220.000000 1.121000 3.568354 0.659222
1446051122270.000000 1.129969 3.581237 0.660493
1446051122320.000000 1.136382 3.595505 0.656523
1446051122370.000000 1.141018 3.599564 0.643501
1446051122410.000000 1.131336 3.587928 0.653847
1446051122460.000000 1.124820 3.591447 0.656711
1446051122510.000000 1.122436 3.595575 0.654763
1446051122560.000000 1.119619 3.600295 0.653005
1446051122610.000000 1.116280 3.605928 0.651432
1446051122660.000000 1.112161 3.611950 0.650225
1446051122700.000000 1.107278 3.618443 0.649250
1446051122750.000000 1.101925 3.625507 0.648345
1446051122800.000000 1.085856 3.626311 0.653477
1446051122860.000000 1.101096 3.641934 0.673976
1446051122920.000000 1.108415 3.655448 0.696227
1446051122970.000000 1.111488 3.666076 0.701368
1446051123020.000000 1.151070 3.690091 0.744245
1446051123070.000000 1.130267 3.692404 0.719947
1446051123110.000000 1.128551 3.701560 0.700379
1446051123160.000000 1.115823 3.720110 0.717549
1446051123210.000000 1.114910 3.730410 0.719839
1446051123260.000000 1.116814 3.740951 0.723542
1446051123310.000000 1.119937 3.747653 0.728399
1446051123370.000000 1.122001 3.761261 0.736301
1446051123420.000000 1.125315 3.773905 0.745813
1446051123470.000000 1.120381 3.810381 0.782015
1446051123520.000000 1.120881 3.841020 0.805679
1446051123570.000000 1.112162 3.851080 0.831110
1446051123620.000000 1.112188 3.853816 0.848550
1446051123670.000000 1.111706 3.852744 0.853426
1446051123720.000000 1.121353 3.853080 0.849952
1446051123760.000000 1.123993 3.850360 0.855941
1446051123820.000000 1.126901 3.849551 0.862572
1446051123870.000000 1.128259 3.850264 0.891370
1446051123910.000000 1.125838 3.849401 0.901959
1446051123970.000000 1.120394 3.840709 0.916232
1446051124020.000000 1.118181 3.822711 0.925740
1446051124070.000000 1.105222 3.818473 0.944096
1446051124120.000000 1.103535 3.808661 0.955537
1446051124170.000000 1.105939 3.803703 0.971546
1446051124220.000000 1.098774 3.809391 0.998675
1446051124280.000000 1.093229 3.805605 1.022539
1446051124320.000000 1.088191 3.799037 1.045045
1446051124380.000000 1.085072 3.788088 1.075939
1446051124420.000000 1.082755 3.776181 1.127932
1446051124470.000000 1.077708 3.755413 1.180863
1446051124520.000000 1.081474 3.750239 1.199239
1446051124570.000000 1.100476 3.736580 1.213609
1446051124620.000000 1.115138 3.730560 1.228219
1446051124680.000000 1.130587 3.721484 1.239257
1446051124720.000000 1.144070 3.714336 1.241958
1446051124770.000000 1.164965 3.699761 1.248666
1446051124830.000000 1.191440 3.690435 1.240333
1446051124880.000000 1.228868 3.680078 1.225290
1446051124930.000000 1.251349 3.677813 1.222746
1446051124970.000000 1.278485 3.674647 1.197092
1446051125030.000000 1.302104 3.683990 1.195196
1446051125080.000000 1.323740 3.685715 1.166212
1446051125130.000000 1.344380 3.690947 1.172041
1446051125180.000000 1.373065 3.698173 1.148788
1446051125240.000000 1.406627 3.693924 1.165818
1446051125290.000000 1.413136 3.700602 1.157890
1446051125340.000000 1.443954 3.698826 1.142897
1446051125390.000000 1.467234 3.707775 1.130689
1446051125440.000000 1.501636 3.702164 1.124505
1446051125490.000000 1.521992 3.695738 1.119805
1446051125540.000000 1.547525 3.690389 1.110532
1446051125590.000000 1.586261 3.678319 1.115112
1446051125620.000000 1.625773 3.669173 1.119150
1446051125690.000000 1.674693 3.674246 1.127113
1446051125740.000000 1.713006 3.677946 1.115236
1446051125790.000000 1.757474 3.684389 1.110421
1446051125840.000000 1.789438 3.691708 1.110917
1446051125890.000000 1.836101 3.672461 1.110089
1446051125940.000000 1.886548 3.662551 1.106962
1446051125990.000000 1.926937 3.664972 1.109347
1446051126040.000000 1.976019 3.662773 1.097554
1446051126060.000000 2.021794 3.664439 1.086396
1446051126140.000000 2.073621 3.659757 1.080687
1446051126180.000000 2.138373 3.652423 1.078920
1446051126210.000000 2.205991 3.656694 1.066364
1446051126280.000000 2.256198 3.655001 1.058515
1446051126340.000000 2.307726 3.653867 1.056153
1446051126380.000000 2.360613 3.657440 1.047371
1446051126430.000000 2.410686 3.660610 1.046760
1446051126470.000000 2.460802 3.664729 1.047041
1446051126540.000000 2.496389 3.672920 1.062940
1446051126590.000000 2.534391 3.679965 1.084883
1446051126640.000000 2.595671 3.690985 1.080300
1446051126690.000000 2.673256 3.688901 1.095889
1446051126740.000000 2.776743 3.689646 1.082590
1446051126780.000000 2.905721 3.678611 1.096166
1446051126830.000000 2.981205 3.677687 1.088795
1446051126880.000000 3.049425 3.680009 1.097059
1446051126930.000000 3.078837 3.696043 1.112032
1446051126980.000000 3.106379 3.708221 1.129856
1446051127030.000000 3.128955 3.717766 1.132025
1446051127080.000000 3.168235 3.717946 1.124596
1446051127130.000000 3.198993 3.715546 1.113458
1446051127180.000000 3.226151 3.710052 1.107178
1446051127230.000000 3.266795 3.707023 1.103756
1446051127280.000000 3.306250 3.707883 1.100823
1446051127330.000000 3.346577 3.715050 1.075562
1446051127390.000000 3.393954 3.718877 1.043006
1446051127430.000000 3.488785 3.720799 1.049065
1446051127490.000000 3.530136 3.718349 1.055889
1446051127540.000000 3.614383 3.721171 1.064139
1446051127580.000000 3.653780 3.720953 1.082018
1446051127630.000000 3.665883 3.736331 1.108314
1446051127690.000000 3.702527 3.739201 1.165608
1446051127740.000000 3.744156 3.745835 1.161045
1446051127790.000000 3.814117 3.754266 1.151195
1446051127830.000000 3.896267 3.760191 1.143161
1446051127880.000000 3.970090 3.763794 1.144172
1446051127940.000000 4.058248 3.768881 1.141722
1446051127990.000000 4.155824 3.778548 1.133041
1446051128040.000000 4.254502 3.798965 1.128688
1446051128080.000000 4.328762 3.820576 1.109168
1446051128130.000000 4.365198 3.843882 1.117222
1446051128180.000000 4.444259 3.860092 1.115397
1446051128230.000000 4.523611 3.879911 1.114372
1446051128280.000000 4.603309 3.903807 1.114636
1446051128330.000000 4.683294 3.931219 1.115141
1446051128390.000000 4.506860 3.972243 1.153979
1446051128430.000000 4.571585 4.002900 1.155847
1446051128490.000000 4.351838 4.043426 1.189362
1446051128530.000000 4.413372 4.073466 1.195234
1446051128580.000000 4.474492 4.102514 1.201580
1446051128630.000000 4.204023 4.110294 1.307592
1446051128680.000000 3.975924 4.107402 1.391932
1446051128730.000000 4.037221 4.107305 1.435451
1446051128780.000000 4.158891 4.112301 1.471592
1446051128840.000000 4.176298 4.112666 1.516689
1446051128880.000000 4.228618 4.128907 1.561725
1446051128940.000000 4.219265 4.112640 1.638843
1446051128980.000000 4.243969 4.119299 1.700045
1446051129030.000000 4.265470 4.132561 1.722548
1446051129080.000000 4.299829 4.144822 1.746617
1446051129130.000000 4.334790 4.156529 1.771569
1446051129190.000000 4.225181 4.169649 1.782616
1446051129240.000000 4.255659 4.174249 1.880842
1446051129290.000000 4.263433 4.170435 1.937110
1446051129340.000000 4.300504 4.167574 2.000319
1446051129380.000000 4.323343 4.157115 2.064103
1446051129440.000000 4.369195 4.150641 2.149626
1446051129480.000000 4.396748 4.141490 2.213157
1446051129530.000000 4.432710 4.131824 2.285305
1446051129580.000000 4.468875 4.123930 2.369699
1446051129640.000000 4.447697 4.090954 2.419553
1446051129680.000000 4.418495 4.131534 2.413204
1446051129730.000000 4.443578 4.131207 2.455198
1446051129790.000000 4.468624 4.131156 2.498705
1446051129830.000000 4.493640 4.130689 2.542342
1446051129880.000000 4.519009 4.130131 2.586619
1446051129930.000000 4.543883 4.129093 2.630812
1446051129980.000000 4.481190 4.143481 2.620690
1446051130040.000000 4.337617 4.120621 2.609096
1446051130080.000000 4.224066 4.058127 2.586699
1446051130130.000000 4.081965 3.984826 2.522203
1446051130180.000000 3.965029 3.943933 2.390924
1446051130240.000000 3.877030 3.910179 2.253885
1446051130290.000000 3.828901 3.891851 2.180905
1446051130310.000000 3.800314 3.890708 2.093096
1446051130390.000000 3.772256 3.887667 2.050176
1446051130440.000000 3.734810 3.880960 2.067536
1446051130480.000000 3.712573 3.877944 2.057292
1446051130530.000000 3.688961 3.871872 2.087905
1446051130580.000000 3.662674 3.870438 2.092534
1446051130630.000000 3.647358 3.860113 2.096396
1446051130690.000000 3.633848 3.857193 2.091938
1446051130730.000000 3.617816 3.854241 2.093769
1446051130780.000000 3.594658 3.846796 2.102593
1446051130830.000000 3.578603 3.852574 2.106652
1446051130880.000000 3.562864 3.850711 2.097020
1446051130930.000000 3.560476 3.843068 2.082904
1446051130980.000000 3.555487 3.838440 2.057218
1446051131030.000000 3.561772 3.817731 2.046658
1446051131090.000000 3.566906 3.797981 2.046140
1446051131140.000000 3.548349 3.790877 2.028141
1446051131160.000000 3.531733 3.776677 2.022818
1446051131240.000000 3.506413 3.745539 2.048663
1446051131300.000000 3.468380 3.706656 2.057514
1446051131320.000000 3.429426 3.682587 2.037778
1446051131390.000000 3.422496 3.662084 1.990032
1446051131440.000000 3.391653 3.642576 1.955588
1446051131490.000000 3.367717 3.643666 1.908315
1446051131510.000000 3.342485 3.621554 1.873546
1446051131590.000000 3.311119 3.591065 1.861825
1446051131640.000000 3.286375 3.598191 1.849369
1446051131690.000000 3.248530 3.576450 1.825806
1446051131740.000000 3.204097 3.541791 1.798915
1446051131780.000000 3.167420 3.518207 1.786434
1446051131840.000000 3.147084 3.509063 1.756044
1446051131890.000000 3.125725 3.500108 1.734437
1446051131930.000000 3.112751 3.492842 1.709793
1446051131980.000000 3.098004 3.473865 1.697226
1446051132030.000000 3.089945 3.458988 1.674042
1446051132090.000000 3.073864 3.433657 1.654444
1446051132130.000000 3.067827 3.416273 1.629583
1446051132180.000000 3.051047 3.387646 1.614995
1446051132230.000000 3.032029 3.354815 1.600184
1446051132280.000000 3.012621 3.321176 1.585936
1446051132330.000000 2.993341 3.286033 1.571776
1446051132380.000000 2.984432 3.258532 1.560829
1446051132430.000000 2.977865 3.231406 1.553890
1446051132480.000000 2.966146 3.200070 1.549146
1446051132540.000000 2.964823 3.175000 1.556237
1446051132580.000000 2.954343 3.149640 1.571583
1446051132630.000000 2.943841 3.125555 1.610808
1446051132690.000000 2.926188 3.107944 1.657114
1446051132740.000000 2.910107 3.091617 1.699752
1446051132760.000000 2.886065 3.058838 1.713990
1446051132830.000000 2.860707 3.024266 1.732846
1446051132890.000000 2.825437 2.982697 1.754790
1446051132940.000000 2.803708 2.946228 1.800044
1446051132980.000000 2.776132 2.922962 1.828096
1446051133040.000000 2.740372 2.893570 1.859056
1446051133090.000000 2.705432 2.876661 1.893015
1446051133140.000000 2.674734 2.873767 1.896516
1446051133190.000000 2.645801 2.874170 1.907071
1446051133240.000000 2.612338 2.865364 1.917500
1446051133290.000000 2.576420 2.848192 1.935971
1446051133340.000000 2.540532 2.829379 1.955718
1446051133380.000000 2.509004 2.814108 1.972995
1446051133440.000000 2.474292 2.786846 1.993036
1446051133480.000000 2.447932 2.763278 2.001947
1446051133540.000000 2.437595 2.784765 1.973930
1446051133590.000000 2.408719 2.759259 1.982797
1446051133640.000000 2.382194 2.737749 1.986964
1446051133680.000000 2.355239 2.716358 1.990803
1446051133740.000000 2.320675 2.689323 1.998367
1446051133780.000000 2.282493 2.658480 2.011554
1446051133830.000000 2.252110 2.631766 2.022007
1446051133880.000000 2.213488 2.603392 2.041948
1446051133940.000000 2.177939 2.571096 2.057935
1446051133980.000000 2.149827 2.546888 2.069026
1446051134030.000000 2.105359 2.508955 2.092105
1446051134080.000000 2.062868 2.470586 2.112293
1446051134130.000000 2.027030 2.434407 2.133895
1446051134180.000000 1.990064 2.393154 2.160164
1446051134230.000000 1.962866 2.362976 2.174641
1446051134280.000000 1.921481 2.329659 2.195171
1446051134330.000000 1.904828 2.304729 2.204922
1446051134390.000000 1.855264 2.267976 2.230089
1446051134430.000000 1.817733 2.236173 2.243368
1446051134480.000000 1.773558 2.201916 2.256754
1446051134530.000000 1.731374 2.166564 2.268179
1446051134580.000000 1.687497 2.131070 2.283480
1446051134630.000000 1.640024 2.094283 2.298748
1446051134680.000000 1.626312 2.079643 2.283343
1446051134730.000000 1.581966 2.045304 2.295196
1446051134780.000000 1.530053 2.005918 2.319834
1446051134830.000000 1.503555 1.981136 2.313426
1446051134880.000000 1.458776 1.944592 2.326530
1446051134930.000000 1.435620 1.919280 2.322381
1446051134980.000000 1.397985 1.885928 2.335157
1446051135030.000000 1.340045 1.846055 2.350661
1446051135080.000000 1.298283 1.809770 2.374551
1446051135130.000000 1.239710 1.762583 2.395239
1446051135180.000000 1.187894 1.727681 2.418725
1446051135230.000000 1.147709 1.693307 2.453523
1446051135280.000000 1.090224 1.653259 2.469154
1446051135330.000000 1.036758 1.616562 2.489942
1446051135390.000000 0.956955 1.563233 2.494937
1446051135430.000000 0.924064 1.531253 2.503038
1446051135480.000000 0.862325 1.483472 2.519645
1446051135530.000000 0.807811 1.437630 2.537775
1446051135580.000000 0.769729 1.403168 2.553487
1446051135630.000000 0.718538 1.360657 2.575876
1446051135680.000000 0.652244 1.320479 2.584493
1446051135730.000000 0.577496 1.282175 2.578314
1446051135780.000000 0.504205 1.258392 2.586821
1446051135830.000000 0.439895 1.251525 2.588231
1446051135880.000000 0.353794 1.210390 2.592742
1446051135930.000000 0.256695 1.165698 2.588668
1446051135980.000000 0.184165 1.141712 2.580699
1446051136030.000000 0.145011 1.150788 2.561715
1446051136080.000000 0.097221 1.160564 2.551605
1446051136110.000000 0.017436 1.134631 2.560633
1446051136180.000000 -0.071391 1.085647 2.583265
1446051136230.000000 -0.145168 1.028661 2.607833
1446051136270.000000 -0.212629 0.995405 2.625984
1446051136330.000000 -0.272104 0.957511 2.643364
1446051136360.000000 -0.342265 0.915092 2.668294
1446051136420.000000 -0.401704 0.888785 2.699923
1446051136480.000000 -0.462371 0.823479 2.735810
1446051136530.000000 -0.534528 0.783214 2.772382
1446051136570.000000 -0.603222 0.750411 2.785354
1446051136640.000000 -0.613228 0.693718 2.796859
1446051136680.000000 -0.578956 0.656263 2.796177
1446051136730.000000 -0.567686 0.638607 2.797380
1446051136780.000000 -0.629315 0.609213 2.807945
1446051136830.000000 -0.663639 0.585143 2.821724
1446051136880.000000 -0.713690 0.558092 2.828538
1446051136930.000000 -0.761743 0.529636 2.834857
1446051136980.000000 -0.816947 0.499586 2.846187
1446051137030.000000 -0.863729 0.470177 2.858341
1446051137060.000000 -0.898105 0.441383 2.873049
1446051137130.000000 -0.916414 0.414841 2.894225
1446051137160.000000 -0.917311 0.384467 2.915219
1446051137230.000000 -0.885868 0.356503 2.965439
1446051137280.000000 -0.855746 0.324527 3.013278
1446051137310.000000 -0.778545 0.313332 3.051522
1446051137360.000000 -0.763327 0.286004 3.084033
1446051137420.000000 -0.839661 0.229473 3.050818
1446051137470.000000 -0.920046 0.171845 3.026316
1446051137520.000000 -1.000838 0.115317 2.995903
1446051137570.000000 -1.058573 0.060691 2.977293
1446051137630.000000 -1.167551 0.006860 2.919938
1446051137680.000000 -1.248782 -0.044225 2.887835
1446051137730.000000 -1.287567 -0.073786 2.832516
1446051137780.000000 -1.331734 -0.118954 2.819683
1446051137830.000000 -1.393012 -0.166380 2.804256
1446051137860.000000 -1.481377 -0.221989 2.785417
1446051137920.000000 -1.501770 -0.269832 2.781686
1446051137980.000000 -1.514266 -0.311293 2.766408
1446051138030.000000 -1.458039 -0.357674 2.717722
1446051138080.000000 -1.361894 -0.347146 2.544864
1446051138130.000000 -1.331611 -0.334267 2.464852
1446051138160.000000 -1.339050 -0.406012 2.406076
1446051138230.000000 -1.401524 -0.424817 2.400028
1446051138260.000000 -1.413260 -0.362648 2.403602
1446051138320.000000 -1.422229 -0.345658 2.368506
1446051138380.000000 -1.436809 -0.329503 2.339339
1446051138430.000000 -1.441870 -0.334710 2.312534
1446051138480.000000 -1.464289 -0.359810 2.292657
1446051138530.000000 -1.485225 -0.388673 2.269503
1446051138580.000000 -1.505464 -0.420943 2.244308
1446051138630.000000 -1.525148 -0.454494 2.218371
1446051138680.000000 -1.545546 -0.490514 2.191118
1446051138730.000000 -1.565800 -0.526972 2.162349
1446051138780.000000 -1.583415 -0.563179 2.129060
1446051138830.000000 -1.601233 -0.591225 2.076438
1446051138870.000000 -1.591762 -0.604250 2.027299
1446051138940.000000 -1.590989 -0.634637 2.057880
1446051138980.000000 -1.625645 -0.719241 2.065693
1446051139030.000000 -1.625223 -0.781849 2.126776
1446051139070.000000 -1.648015 -0.818133 2.105591
1446051139130.000000 -1.687636 -0.863482 2.114817
1446051139180.000000 -1.692349 -0.933545 2.191700
1446051139230.000000 -1.711437 -0.964127 2.226945
1446051139280.000000 -1.717421 -0.973262 2.240355
1446051139330.000000 -1.721623 -0.988341 2.231584
1446051139380.000000 -1.746199 -1.030845 2.219152
1446051139430.000000 -1.750863 -1.063195 2.263423
1446051139480.000000 -1.770285 -1.088687 2.257054
1446051139540.000000 -1.796231 -1.109118 2.269994
1446051139580.000000 -1.818094 -1.116830 2.256132
1446051139640.000000 -1.833525 -1.143663 2.260959
1446051139670.000000 -1.847010 -1.168096 2.252542
1446051139730.000000 -1.860228 -1.184256 2.250973
1446051139780.000000 -1.831621 -1.170370 2.271102
1446051139820.000000 -1.824589 -1.175725 2.259474
1446051139870.000000 -1.795343 -1.158708 2.257398
1446051139920.000000 -1.767383 -1.142294 2.263353
1446051139970.000000 -1.757911 -1.139575 2.254697
1446051140020.000000 -1.741028 -1.144298 2.262275
1446051140070.000000 -1.733983 -1.160220 2.251796
1446051140120.000000 -1.717466 -1.168795 2.257031
1446051140170.000000 -1.710755 -1.191087 2.242775
1446051140220.000000 -1.702146 -1.214381 2.228102
1446051140270.000000 -1.692208 -1.237801 2.211697
1446051140320.000000 -1.680206 -1.260752 2.196091
1446051140370.000000 -1.666343 -1.282969 2.180382
1446051140420.000000 -1.650188 -1.304704 2.166163
1446051140470.000000 -1.631118 -1.325362 2.153560
1446051140520.000000 -1.623716 -1.348046 2.138471
1446051140570.000000 -1.601033 -1.363207 2.146677
1446051140620.000000 -1.583206 -1.384808 2.135082
1446051140670.000000 -1.560235 -1.410949 2.134199
1446051140720.000000 -1.526544 -1.433635 2.150790
1446051140770.000000 -1.497156 -1.456221 2.178317
1446051140830.000000 -1.438172 -1.470476 2.250633
1446051140870.000000 -1.393445 -1.484297 2.245928
1446051140930.000000 -1.360316 -1.503858 2.245561
1446051140980.000000 -1.323538 -1.499237 2.248427
1446051141030.000000 -1.312784 -1.521300 2.235825
1446051141080.000000 -1.283804 -1.536558 2.222495
1446051141130.000000 -1.243120 -1.530847 2.200397
1446051141190.000000 -1.221071 -1.537579 2.195763
1446051141230.000000 -1.166783 -1.492462 2.186010
1446051141280.000000 -1.123753 -1.478059 2.189991
1446051141330.000000 -1.090437 -1.482167 2.184329
1446051141380.000000 -1.054893 -1.491398 2.175078
1446051141430.000000 -1.023507 -1.488395 2.154948
1446051141470.000000 -0.978288 -1.460351 2.130405
1446051141530.000000 -0.928771 -1.403405 2.111642
1446051141580.000000 -0.876550 -1.281938 2.085909
1446051141620.000000 -0.853179 -1.274461 2.055043
1446051141680.000000 -0.828137 -1.272771 2.020212
1446051141730.000000 -0.801665 -1.263326 1.987170
1446051141760.000000 -0.775466 -1.263292 1.949125
1446051141820.000000 -0.742397 -1.260462 1.912354
1446051141870.000000 -0.705546 -1.269185 1.883188
1446051141920.000000 -0.673403 -1.268435 1.840139
1446051141970.000000 -0.639131 -1.262585 1.792027
1446051142020.000000 -0.602900 -1.255221 1.743221
1446051142060.000000 -0.562588 -1.247759 1.684165
1446051142110.000000 -0.522093 -1.238577 1.632867
1446051142160.000000 -0.482442 -1.232766 1.582968
1446051142220.000000 -0.440340 -1.230746 1.535016
1446051142260.000000 -0.396909 -1.228310 1.483876
1446051142310.000000 -0.347389 -1.219455 1.432271
1446051142360.000000 -0.294956 -1.213079 1.382109
1446051142410.000000 -0.239729 -1.208764 1.330891
1446051142460.000000 -0.181528 -1.205527 1.280633
1446051142510.000000 -0.121783 -1.198620 1.231391
1446051142560.000000 -0.059700 -1.192868 1.184788
1446051142610.000000 0.006766 -1.189316 1.139349
1446051142670.000000 0.075351 -1.184495 1.089725
1446051142720.000000 0.147768 -1.183641 1.046716
1446051142760.000000 0.218564 -1.177824 0.999889
1446051142820.000000 0.293129 -1.174642 0.956500
1446051142870.000000 0.354130 -1.171921 0.929999
1446051142920.000000 0.431381 -1.174206 0.894816
1446051142970.000000 0.503972 -1.175758 0.865332
1446051143020.000000 0.578199 -1.178248 0.845886
1446051143070.000000 0.662410 -1.176235 0.832766
1446051143120.000000 0.716738 -1.173161 0.796824
1446051143170.000000 0.775483 -1.175083 0.812734
1446051143220.000000 0.843001 -1.176711 0.797486
1446051143270.000000 0.903323 -1.173276 0.791405
1446051143320.000000 0.959587 -1.170218 0.778920
1446051143370.000000 1.013527 -1.170442 0.761520
1446051143410.000000 1.077674 -1.169669 0.735483
1446051143470.000000 1.110371 -1.177240 0.736119
1446051143530.000000 1.137109 -1.182416 0.747897
1446051143570.000000 1.131995 -1.196813 0.778919
1446051143630.000000 1.168578 -1.207867 0.771946
1446051143670.000000 1.214196 -1.220742 0.759687
1446051143730.000000 1.264546 -1.230213 0.752451
1446051143770.000000 1.290606 -1.240405 0.761376
1446051143830.000000 1.320139 -1.248175 0.764994
1446051143880.000000 1.342870 -1.262227 0.776449
1446051143930.000000 1.237112 -1.292751 0.860609
1446051143980.000000 1.252954 -1.307515 0.853206
1446051144030.000000 1.293961 -1.327754 0.840987
1446051144080.000000 1.223230 -1.358333 0.877863
1446051144130.000000 1.103515 -1.380781 0.945430
1446051144180.000000 1.012722 -1.398177 0.997673
1446051144230.000000 0.964730 -1.404868 1.031421
1446051144280.000000 0.944680 -1.430262 1.051840
1446051144330.000000 0.928294 -1.450166 1.073545
1446051144380.000000 0.933398 -1.459037 1.090361
1446051144430.000000 0.946205 -1.475981 1.100970
1446051144480.000000 0.914991 -1.470775 1.127518
1446051144530.000000 0.862807 -1.454454 1.164128
1446051144580.000000 0.838648 -1.472038 1.176523
1446051144630.000000 0.805685 -1.503628 1.189334
1446051144680.000000 0.781575 -1.534669 1.199643
1446051144730.000000 0.739658 -1.560478 1.216062
1446051144780.000000 0.727095 -1.591643 1.223796
1446051144830.000000 0.715366 -1.622751 1.233266
1446051144880.000000 0.701099 -1.653729 1.242563
1446051144930.000000 0.685862 -1.683958 1.252226
1446051144980.000000 0.670336 -1.712709 1.262096
1446051145030.000000 0.653573 -1.740124 1.271848
1446051145080.000000 0.635633 -1.767398 1.281919
1446051145130.000000 0.616620 -1.794303 1.291514
1446051145180.000000 0.596325 -1.820910 1.300631
1446051145230.000000 0.574512 -1.848115 1.309411
1446051145280.000000 0.551612 -1.875986 1.318169
1446051145330.000000 0.529272 -1.904942 1.328084
1446051145380.000000 0.507899 -1.934369 1.339378
1446051145430.000000 0.486004 -1.961950 1.349854
1446051145480.000000 0.463563 -1.990148 1.360511
1446051145530.000000 0.439476 -2.017025 1.370052
1446051145580.000000 0.416660 -2.045099 1.380752
1446051145630.000000 0.393626 -2.072672 1.390734
1446051145680.000000 0.372084 -2.100169 1.400747
1446051145730.000000 0.351060 -2.127055 1.409993
1446051145780.000000 0.332509 -2.155147 1.420360
1446051145820.000000 0.315566 -2.182954 1.431486
1446051145870.000000 0.271850 -2.184790 1.380000
1446051145930.000000 0.153468 -2.129621 1.282286
1446051145980.000000 0.128840 -2.064281 1.252434
1446051146030.000000 0.136653 -2.068472 1.237375
1446051146080.000000 0.133222 -2.099557 1.218580
1446051146120.000000 0.146603 -2.132668 1.214409
1446051146170.000000 0.136077 -2.157984 1.209758
1446051146220.000000 0.125971 -2.182131 1.204327
1446051146270.000000 0.115994 -2.204977 1.198357
1446051146330.000000 0.106455 -2.226385 1.191591
1446051146370.000000 0.097259 -2.247210 1.184487
1446051146430.000000 0.085929 -2.267790 1.176599
1446051146480.000000 0.077147 -2.289188 1.169752
1446051146520.000000 0.067495 -2.312123 1.163025
1446051146570.000000 0.057377 -2.334140 1.155572
1446051146620.000000 0.046273 -2.357165 1.148366
1446051146680.000000 0.032904 -2.380106 1.140677
1446051146720.000000 0.019011 -2.404637 1.133872
1446051146770.000000 0.002241 -2.428806 1.126932
1446051146820.000000 -0.017499 -2.452854 1.120009
1446051146870.000000 0.045359 -2.460243 1.121636
1446051146930.000000 0.221831 -2.407379 1.098590
1446051146980.000000 0.236736 -2.433297 1.121962
1446051147010.000000 0.265204 -2.419747 1.075063
1446051147080.000000 0.244500 -2.435990 1.083475
1446051147130.000000 0.207921 -2.469982 1.107182
1446051147180.000000 0.159494 -2.519054 1.143250
1446051147230.000000 0.126237 -2.574625 1.189359
1446051147280.000000 0.073684 -2.634595 1.249103
1446051147320.000000 0.049573 -2.670645 1.263802
1446051147370.000000 -0.010590 -2.705533 1.218006
1446051147420.000000 -0.031730 -2.738317 1.226479
1446051147470.000000 -0.052224 -2.774214 1.235323
1446051147520.000000 -0.094911 -2.813647 1.151958
1446051147570.000000 -0.116687 -2.852584 1.158495
1446051147620.000000 -0.164467 -2.887056 1.092352
1446051147670.000000 -0.165872 -2.884805 0.965073
1446051147720.000000 -0.347490 -2.918992 0.906418
1446051147780.000000 -0.381034 -2.943534 0.934558
1446051147830.000000 -0.422800 -2.969111 0.951088
1446051147880.000000 -0.465284 -2.994511 0.972891
1446051147930.000000 -0.504933 -3.021564 0.992212
1446051147980.000000 -0.543458 -3.045722 0.999808
1446051148030.000000 -0.581727 -3.073692 1.018603
1446051148070.000000 -0.618953 -3.096782 1.028644
1446051148120.000000 -0.639128 -3.058197 0.984277
1446051148170.000000 -0.650162 -3.046589 0.954462
1446051148210.000000 -0.678712 -3.029308 0.939853
1446051148270.000000 -0.688617 -2.993252 0.899609
1446051148320.000000 -0.716477 -2.938815 0.895496
1446051148370.000000 -0.695219 -2.895170 0.890987
1446051148420.000000 -0.707365 -2.836366 0.887292
1446051148470.000000 -0.685609 -2.783327 0.863169
1446051148520.000000 -0.718771 -2.788963 0.861549
1446051148570.000000 -0.751021 -2.792523 0.860246
1446051148620.000000 -0.785873 -2.794837 0.859436
1446051148670.000000 -0.820643 -2.797253 0.858656
1446051148720.000000 -0.856612 -2.799807 0.857523
1446051148770.000000 -0.880589 -2.793409 0.849534
1446051148810.000000 -0.903508 -2.783361 0.843769
1446051148860.000000 -0.906638 -2.752582 0.836176
1446051148910.000000 -0.912361 -2.740157 0.826038
1446051148970.000000 -0.921715 -2.742654 0.817615
1446051149020.000000 -0.950125 -2.750811 0.814955
1446051149070.000000 -0.978217 -2.762408 0.813374
1446051149120.000000 -1.006429 -2.776239 0.812601
1446051149170.000000 -1.034565 -2.792442 0.812787
1446051149220.000000 -1.063704 -2.809124 0.813613
1446051149270.000000 -1.093587 -2.827379 0.815888
1446051149320.000000 -1.124886 -2.843838 0.818446
1446051149370.000000 -1.157442 -2.859513 0.821933
1446051149420.000000 -1.190672 -2.875270 0.826820
1446051149470.000000 -1.126134 -2.889462 0.802688
1446051149520.000000 -1.050823 -2.886445 0.803109
1446051149570.000000 -1.046577 -2.905510 0.810908
1446051149630.000000 -1.012856 -2.978029 0.780928
1446051149670.000000 -0.961064 -3.017369 0.742746
1446051149700.000000 -0.786023 -3.092084 0.572163
1446051149780.000000 -0.805303 -3.108443 0.542326
1446051149830.000000 -0.816677 -3.109161 0.559749
1446051149870.000000 -0.825345 -3.019613 0.608874
1446051149920.000000 -0.832232 -3.029640 0.640441
1446051149970.000000 -0.827029 -3.028307 0.703339
1446051150020.000000 -0.831493 -3.057509 0.761329
1446051150070.000000 -0.841907 -3.074933 0.772540
1446051150120.000000 -0.844898 -3.090000 0.792777
1446051150160.000000 -0.826288 -3.083361 0.840142
1446051150220.000000 -0.827270 -3.104668 0.853698
1446051150270.000000 -0.805426 -3.092012 0.887467
1446051150320.000000 -0.803709 -3.100974 0.896601
1446051150370.000000 -0.804058 -3.132544 0.909359
1446051150420.000000 -0.808777 -3.161948 0.907174
1446051150470.000000 -0.821370 -3.194679 0.900185
1446051150520.000000 -0.830910 -3.222676 0.891893
1446051150570.000000 -0.845127 -3.253971 0.880147
1446051150620.000000 -0.860044 -3.285555 0.866569
1446051150670.000000 -0.874516 -3.316868 0.851002
1446051150720.000000 -0.888494 -3.348577 0.834010
1446051150770.000000 -0.901449 -3.379108 0.815087
1446051150820.000000 -0.913864 -3.410162 0.794670
1446051150870.000000 -0.925145 -3.441113 0.772751
1446051150920.000000 -0.935169 -3.471583 0.749426
1446051150970.000000 -0.943827 -3.501137 0.724544
1446051151020.000000 -0.950647 -3.529671 0.698595
1446051151070.000000 -0.955977 -3.558287 0.671870
1446051151120.000000 -0.959868 -3.585987 0.643699
1446051151170.000000 -0.963284 -3.613083 0.613506
1446051151230.000000 -0.953318 -3.580977 0.547790
1446051151280.000000 -0.953237 -3.606101 0.514567
1446051151330.000000 -0.946703 -3.602337 0.471992
1446051151380.000000 -0.946431 -3.605575 0.429359
1446051151430.000000 -0.936866 -3.635522 0.401223
1446051151480.000000 -0.921161 -3.650654 0.382879
1446051151530.000000 -0.901108 -3.659998 0.361850
1446051151580.000000 -0.881374 -3.682109 0.338362
1446051151630.000000 -0.863163 -3.694239 0.286171
1446051151660.000000 -0.842413 -3.694938 0.220448
1446051151730.000000 -0.817828 -3.690507 0.141594
1446051151760.000000 -0.779088 -3.674571 0.053331
1446051151830.000000 -0.730056 -3.650107 -0.038704
1446051151880.000000 -0.694300 -3.648948 -0.102421
1446051151930.000000 -0.662119 -3.647436 -0.149708
1446051151970.000000 -0.604967 -3.638930 -0.161740
1446051152020.000000 -0.542162 -3.627969 -0.166089
1446051152070.000000 -0.504590 -3.637560 -0.190402
1446051152120.000000 -0.475429 -3.650662 -0.201433
1446051152170.000000 -0.444276 -3.658946 -0.209893
1446051152220.000000 -0.399044 -3.656973 -0.223781
1446051152270.000000 -0.360410 -3.655502 -0.243001
1446051152320.000000 -0.330356 -3.657000 -0.270469
1446051152370.000000 -0.291045 -3.661775 -0.267306
1446051152410.000000 -0.255193 -3.641796 -0.303810
1446051152470.000000 -0.242948 -3.647572 -0.297161
1446051152530.000000 -0.207374 -3.661912 -0.249213
1446051152580.000000 -0.174009 -3.681946 -0.206211
1446051152620.000000 -0.170464 -3.685566 -0.126426
1446051152680.000000 -0.194321 -3.659162 0.005494
1446051152720.000000 -0.192528 -3.656630 0.066254
1446051152770.000000 -0.175343 -3.656857 0.098355
1446051152820.000000 -0.168509 -3.649625 0.142894
1446051152870.000000 -0.157123 -3.653201 0.179426
1446051152930.000000 -0.156865 -3.640419 0.218969
1446051152970.000000 -0.151612 -3.636034 0.247379
1446051153030.000000 -0.141351 -3.665413 0.263540
1446051153070.000000 -0.134339 -3.687520 0.288906
1446051153130.000000 -0.127855 -3.705100 0.311312
1446051153170.000000 -0.121517 -3.707308 0.319020
1446051153220.000000 -0.119195 -3.717963 0.337560
1446051153270.000000 -0.133053 -3.716867 0.379218
1446051153320.000000 -0.143754 -3.742958 0.421515
1446051153370.000000 -0.145682 -3.731626 0.427276
1446051153420.000000 -0.143834 -3.730301 0.432432
1446051153470.000000 -0.139357 -3.732103 0.436038
1446051153520.000000 -0.133020 -3.729947 0.437214
1446051153570.000000 -0.127601 -3.737159 0.441058
1446051153620.000000 -0.126163 -3.734097 0.445752
1446051153670.000000 -0.102931 -3.721658 0.435092
1446051153720.000000 -0.067056 -3.730496 0.428831
1446051153770.000000 -0.038943 -3.727936 0.395148
1446051153820.000000 -0.022444 -3.725382 0.396098
1446051153870.000000 -0.005358 -3.733334 0.399311
1446051153920.000000 0.019005 -3.745954 0.412228
1446051153970.000000 0.033778 -3.754929 0.422487
1446051154020.000000 0.058349 -3.764550 0.433133
1446051154070.000000 0.087354 -3.758160 0.452803
1446051154120.000000 0.119213 -3.751816 0.486803
1446051154170.000000 0.142539 -3.750449 0.501201
1446051154220.000000 0.163705 -3.745079 0.516993
1446051154270.000000 0.185376 -3.733094 0.522855
1446051154310.000000 0.205552 -3.729410 0.546987
1446051154360.000000 0.230067 -3.725903 0.560702
1446051154420.000000 0.245204 -3.713908 0.577090
1446051154470.000000 0.264497 -3.691098 0.582286
1446051154510.000000 0.297310 -3.687411 0.590342
1446051154560.000000 0.324731 -3.677941 0.601982
1446051154610.000000 0.358006 -3.678490 0.631359
1446051154670.000000 0.391471 -3.680330 0.662537
1446051154710.000000 0.433771 -3.689592 0.689593
1446051154760.000000 0.472163 -3.689351 0.705423
1446051154820.000000 0.506782 -3.682935 0.719930
1446051154860.000000 0.539608 -3.675912 0.742047
1446051154910.000000 0.561599 -3.662062 0.772996
1446051154960.000000 0.609686 -3.666356 0.790383
1446051155010.000000 0.618249 -3.632135 0.777759
1446051155060.000000 0.644775 -3.623630 0.789361
1446051155110.000000 0.684632 -3.624033 0.802841
1446051155160.000000 0.711232 -3.616843 0.794252
1446051155210.000000 0.757999 -3.615446 0.802155
1446051155260.000000 0.803283 -3.625797 0.809281
1446051155310.000000 0.844170 -3.635362 0.819083